solid OpenSCAD_Model
  facet normal 0 1 -0
    outer loop
      vertex 5.97125 5.97125 9.554
      vertex -5.97125 5.97125 24.4821
      vertex 5.97125 5.97125 24.4821
    endloop
  endfacet
  facet normal 0 1 0
    outer loop
      vertex -5.97125 5.97125 24.4821
      vertex 5.97125 5.97125 9.554
      vertex -5.97125 5.97125 9.554
    endloop
  endfacet
  facet normal -1 0 0
    outer loop
      vertex -5.97125 -5.97125 9.554
      vertex -5.97125 5.97125 24.4821
      vertex -5.97125 5.97125 9.554
    endloop
  endfacet
  facet normal -1 -0 0
    outer loop
      vertex -5.97125 5.97125 24.4821
      vertex -5.97125 -5.97125 9.554
      vertex -5.97125 -5.97125 24.4821
    endloop
  endfacet
  facet normal 0 -1 0
    outer loop
      vertex -5.97125 -5.97125 9.554
      vertex 5.97125 -5.97125 24.4821
      vertex -5.97125 -5.97125 24.4821
    endloop
  endfacet
  facet normal 0 -1 -0
    outer loop
      vertex 5.97125 -5.97125 24.4821
      vertex -5.97125 -5.97125 9.554
      vertex 5.97125 -5.97125 9.554
    endloop
  endfacet
  facet normal 1 -0 0
    outer loop
      vertex 5.97125 -5.97125 24.4821
      vertex 5.97125 5.97125 9.554
      vertex 5.97125 5.97125 24.4821
    endloop
  endfacet
  facet normal 1 0 0
    outer loop
      vertex 5.97125 5.97125 9.554
      vertex 5.97125 -5.97125 24.4821
      vertex 5.97125 -5.97125 9.554
    endloop
  endfacet
  facet normal 0 0 -1
    outer loop
      vertex -3.05176e-05 -3.05176e-05 8.62122e-07
      vertex 3.05176e-05 3.05176e-05 8.62122e-07
      vertex 3.05176e-05 -3.05176e-05 8.62122e-07
    endloop
  endfacet
  facet normal -0 0 -1
    outer loop
      vertex 3.05176e-05 3.05176e-05 8.62122e-07
      vertex -3.05176e-05 -3.05176e-05 8.62122e-07
      vertex -3.05176e-05 3.05176e-05 8.62122e-07
    endloop
  endfacet
  facet normal 0 0.847999 -0.529997
    outer loop
      vertex 3.05176e-05 3.05176e-05 8.62122e-07
      vertex -5.97125 5.97125 9.554
      vertex 5.97125 5.97125 9.554
    endloop
  endfacet
  facet normal 0 0.847999 -0.529997
    outer loop
      vertex -5.97125 5.97125 9.554
      vertex 3.05176e-05 3.05176e-05 8.62122e-07
      vertex -3.05176e-05 3.05176e-05 8.62122e-07
    endloop
  endfacet
  facet normal 0 -0.847999 -0.529997
    outer loop
      vertex -3.05176e-05 -3.05176e-05 8.62122e-07
      vertex 5.97125 -5.97125 9.554
      vertex -5.97125 -5.97125 9.554
    endloop
  endfacet
  facet normal 0 -0.847999 -0.529997
    outer loop
      vertex 5.97125 -5.97125 9.554
      vertex -3.05176e-05 -3.05176e-05 8.62122e-07
      vertex 3.05176e-05 -3.05176e-05 8.62122e-07
    endloop
  endfacet
  facet normal 0.847999 0 -0.529997
    outer loop
      vertex 5.97125 5.97125 9.554
      vertex 3.05176e-05 -3.05176e-05 8.62122e-07
      vertex 3.05176e-05 3.05176e-05 8.62122e-07
    endloop
  endfacet
  facet normal 0.847999 0 -0.529997
    outer loop
      vertex 3.05176e-05 -3.05176e-05 8.62122e-07
      vertex 5.97125 5.97125 9.554
      vertex 5.97125 -5.97125 9.554
    endloop
  endfacet
  facet normal -0.847999 0 -0.529997
    outer loop
      vertex -3.05176e-05 -3.05176e-05 8.62122e-07
      vertex -5.97125 5.97125 9.554
      vertex -3.05176e-05 3.05176e-05 8.62122e-07
    endloop
  endfacet
  facet normal -0.847999 -0 -0.529997
    outer loop
      vertex -5.97125 5.97125 9.554
      vertex -3.05176e-05 -3.05176e-05 8.62122e-07
      vertex -5.97125 -5.97125 9.554
    endloop
  endfacet
  facet normal -0.848 0 0.529997
    outer loop
      vertex -5.97125 5.97125 24.4821
      vertex -3.05176e-05 -3.05176e-05 34.0361
      vertex -3.05176e-05 3.05176e-05 34.0361
    endloop
  endfacet
  facet normal -0.848 0 0.529997
    outer loop
      vertex -3.05176e-05 -3.05176e-05 34.0361
      vertex -5.97125 5.97125 24.4821
      vertex -5.97125 -5.97125 24.4821
    endloop
  endfacet
  facet normal 0 0.848 0.529997
    outer loop
      vertex 5.97125 5.97125 24.4821
      vertex -3.05176e-05 3.05176e-05 34.0361
      vertex 3.05176e-05 3.05176e-05 34.0361
    endloop
  endfacet
  facet normal 0 0.848 0.529997
    outer loop
      vertex -3.05176e-05 3.05176e-05 34.0361
      vertex 5.97125 5.97125 24.4821
      vertex -5.97125 5.97125 24.4821
    endloop
  endfacet
  facet normal -0 0 1
    outer loop
      vertex -3.05176e-05 3.05176e-05 34.0361
      vertex 3.05176e-05 -3.05176e-05 34.0361
      vertex 3.05176e-05 3.05176e-05 34.0361
    endloop
  endfacet
  facet normal 0 0 1
    outer loop
      vertex 3.05176e-05 -3.05176e-05 34.0361
      vertex -3.05176e-05 3.05176e-05 34.0361
      vertex -3.05176e-05 -3.05176e-05 34.0361
    endloop
  endfacet
  facet normal 0 -0.848 0.529997
    outer loop
      vertex -5.97125 -5.97125 24.4821
      vertex 3.05176e-05 -3.05176e-05 34.0361
      vertex -3.05176e-05 -3.05176e-05 34.0361
    endloop
  endfacet
  facet normal 0 -0.848 0.529997
    outer loop
      vertex 3.05176e-05 -3.05176e-05 34.0361
      vertex -5.97125 -5.97125 24.4821
      vertex 5.97125 -5.97125 24.4821
    endloop
  endfacet
  facet normal 0.848 -0 0.529997
    outer loop
      vertex 3.05176e-05 -3.05176e-05 34.0361
      vertex 5.97125 5.97125 24.4821
      vertex 3.05176e-05 3.05176e-05 34.0361
    endloop
  endfacet
  facet normal 0.848 0 0.529997
    outer loop
      vertex 5.97125 5.97125 24.4821
      vertex 3.05176e-05 -3.05176e-05 34.0361
      vertex 5.97125 -5.97125 24.4821
    endloop
  endfacet
endsolid OpenSCAD_Model
