solid OpenSCAD_Model
  facet normal 0 1 -0
    outer loop
      vertex 5.244 5.244 7.695
      vertex -5.244 5.244 20.805
      vertex 5.244 5.244 20.805
    endloop
  endfacet
  facet normal 0 1 0
    outer loop
      vertex -5.244 5.244 20.805
      vertex 5.244 5.244 7.695
      vertex -5.244 5.244 7.695
    endloop
  endfacet
  facet normal -1 0 0
    outer loop
      vertex -5.244 -5.244 7.695
      vertex -5.244 5.244 20.805
      vertex -5.244 5.244 7.695
    endloop
  endfacet
  facet normal -1 -0 0
    outer loop
      vertex -5.244 5.244 20.805
      vertex -5.244 -5.244 7.695
      vertex -5.244 -5.244 20.805
    endloop
  endfacet
  facet normal 0 -1 0
    outer loop
      vertex -5.244 -5.244 7.695
      vertex 5.244 -5.244 20.805
      vertex -5.244 -5.244 20.805
    endloop
  endfacet
  facet normal 0 -1 -0
    outer loop
      vertex 5.244 -5.244 20.805
      vertex -5.244 -5.244 7.695
      vertex 5.244 -5.244 7.695
    endloop
  endfacet
  facet normal 1 -0 0
    outer loop
      vertex 5.244 -5.244 20.805
      vertex 5.244 5.244 7.695
      vertex 5.244 5.244 20.805
    endloop
  endfacet
  facet normal 1 0 0
    outer loop
      vertex 5.244 5.244 7.695
      vertex 5.244 -5.244 20.805
      vertex 5.244 -5.244 7.695
    endloop
  endfacet
  facet normal 0 0 -1
    outer loop
      vertex -3.05176e-05 -3.05176e-05 0
      vertex 3.05176e-05 3.05176e-05 0
      vertex 3.05176e-05 -3.05176e-05 0
    endloop
  endfacet
  facet normal -0 0 -1
    outer loop
      vertex 3.05176e-05 3.05176e-05 0
      vertex -3.05176e-05 -3.05176e-05 0
      vertex -3.05176e-05 3.05176e-05 0
    endloop
  endfacet
  facet normal 0 0.826358 -0.563145
    outer loop
      vertex 3.05176e-05 3.05176e-05 0
      vertex -5.244 5.244 7.695
      vertex 5.244 5.244 7.695
    endloop
  endfacet
  facet normal 0 0.826358 -0.563145
    outer loop
      vertex -5.244 5.244 7.695
      vertex 3.05176e-05 3.05176e-05 0
      vertex -3.05176e-05 3.05176e-05 0
    endloop
  endfacet
  facet normal 0 -0.826358 -0.563145
    outer loop
      vertex -3.05176e-05 -3.05176e-05 0
      vertex 5.244 -5.244 7.695
      vertex -5.244 -5.244 7.695
    endloop
  endfacet
  facet normal 0 -0.826358 -0.563145
    outer loop
      vertex 5.244 -5.244 7.695
      vertex -3.05176e-05 -3.05176e-05 0
      vertex 3.05176e-05 -3.05176e-05 0
    endloop
  endfacet
  facet normal 0.826358 0 -0.563145
    outer loop
      vertex 5.244 5.244 7.695
      vertex 3.05176e-05 -3.05176e-05 0
      vertex 3.05176e-05 3.05176e-05 0
    endloop
  endfacet
  facet normal 0.826358 0 -0.563145
    outer loop
      vertex 3.05176e-05 -3.05176e-05 0
      vertex 5.244 5.244 7.695
      vertex 5.244 -5.244 7.695
    endloop
  endfacet
  facet normal -0.826358 0 -0.563145
    outer loop
      vertex -3.05176e-05 -3.05176e-05 0
      vertex -5.244 5.244 7.695
      vertex -3.05176e-05 3.05176e-05 0
    endloop
  endfacet
  facet normal -0.826358 -0 -0.563145
    outer loop
      vertex -5.244 5.244 7.695
      vertex -3.05176e-05 -3.05176e-05 0
      vertex -5.244 -5.244 7.695
    endloop
  endfacet
  facet normal -0.826358 0 0.563145
    outer loop
      vertex -5.244 5.244 20.805
      vertex -3.05176e-05 -3.05176e-05 28.5
      vertex -3.05176e-05 3.05176e-05 28.5
    endloop
  endfacet
  facet normal -0.826358 0 0.563145
    outer loop
      vertex -3.05176e-05 -3.05176e-05 28.5
      vertex -5.244 5.244 20.805
      vertex -5.244 -5.244 20.805
    endloop
  endfacet
  facet normal 0 0.826358 0.563145
    outer loop
      vertex 5.244 5.244 20.805
      vertex -3.05176e-05 3.05176e-05 28.5
      vertex 3.05176e-05 3.05176e-05 28.5
    endloop
  endfacet
  facet normal 0 0.826358 0.563145
    outer loop
      vertex -3.05176e-05 3.05176e-05 28.5
      vertex 5.244 5.244 20.805
      vertex -5.244 5.244 20.805
    endloop
  endfacet
  facet normal -0 0 1
    outer loop
      vertex -3.05176e-05 3.05176e-05 28.5
      vertex 3.05176e-05 -3.05176e-05 28.5
      vertex 3.05176e-05 3.05176e-05 28.5
    endloop
  endfacet
  facet normal 0 0 1
    outer loop
      vertex 3.05176e-05 -3.05176e-05 28.5
      vertex -3.05176e-05 3.05176e-05 28.5
      vertex -3.05176e-05 -3.05176e-05 28.5
    endloop
  endfacet
  facet normal 0.826358 -0 0.563145
    outer loop
      vertex 3.05176e-05 -3.05176e-05 28.5
      vertex 5.244 5.244 20.805
      vertex 3.05176e-05 3.05176e-05 28.5
    endloop
  endfacet
  facet normal 0.826358 0 0.563145
    outer loop
      vertex 5.244 5.244 20.805
      vertex 3.05176e-05 -3.05176e-05 28.5
      vertex 5.244 -5.244 20.805
    endloop
  endfacet
  facet normal 0 -0.826358 0.563145
    outer loop
      vertex -5.244 -5.244 20.805
      vertex 3.05176e-05 -3.05176e-05 28.5
      vertex -3.05176e-05 -3.05176e-05 28.5
    endloop
  endfacet
  facet normal 0 -0.826358 0.563145
    outer loop
      vertex 3.05176e-05 -3.05176e-05 28.5
      vertex -5.244 -5.244 20.805
      vertex 5.244 -5.244 20.805
    endloop
  endfacet
endsolid OpenSCAD_Model
