solid OpenSCAD_Model
  facet normal 0.93969 0 -0.342028
    outer loop
      vertex 13.5 13.5 5
      vertex 11.6801 -11.6801 0
      vertex 11.6801 11.6801 0
    endloop
  endfacet
  facet normal -0.93969 0 -0.342028
    outer loop
      vertex -11.6801 -11.6801 0
      vertex -13.5 -13.5 5
      vertex -13.5 13.5 5
    endloop
  endfacet
  facet normal -0 0 1
    outer loop
      vertex -13.5 13.5 5
      vertex 13.5 -13.5 5
      vertex 13.5 13.5 5
    endloop
  endfacet
  facet normal 0 0 1
    outer loop
      vertex 13.5 -13.5 5
      vertex -13.5 13.5 5
      vertex -13.5 -13.5 5
    endloop
  endfacet
  facet normal 0.93969 0 -0.342028
    outer loop
      vertex 13.5 -13.5 5
      vertex 11.6801 -11.6801 0
      vertex 13.5 13.5 5
    endloop
  endfacet
  facet normal -0.93969 0 -0.342028
    outer loop
      vertex -11.6801 -11.6801 0
      vertex -13.5 13.5 5
      vertex -11.6801 11.6801 0
    endloop
  endfacet
  facet normal 0 -0.93969 -0.342028
    outer loop
      vertex -11.6801 -11.6801 0
      vertex 13.5 -13.5 5
      vertex -13.5 -13.5 5
    endloop
  endfacet
  facet normal 0 -0.93969 -0.342028
    outer loop
      vertex 13.5 -13.5 5
      vertex -11.6801 -11.6801 0
      vertex 11.6801 -11.6801 0
    endloop
  endfacet
  facet normal 0 0 -1
    outer loop
      vertex -11.6801 -11.6801 0
      vertex 11.6801 11.6801 0
      vertex 11.6801 -11.6801 0
    endloop
  endfacet
  facet normal -0 0 -1
    outer loop
      vertex 11.6801 11.6801 0
      vertex -11.6801 -11.6801 0
      vertex -11.6801 11.6801 0
    endloop
  endfacet
  facet normal 0 0.93969 -0.342028
    outer loop
      vertex 11.6801 11.6801 0
      vertex -13.5 13.5 5
      vertex 13.5 13.5 5
    endloop
  endfacet
  facet normal 0 0.93969 -0.342028
    outer loop
      vertex -13.5 13.5 5
      vertex 11.6801 11.6801 0
      vertex -11.6801 11.6801 0
    endloop
  endfacet
  facet normal -0.140975 -0.140974 0.979925
    outer loop
      vertex 7.06853 7.06853 13.3979
      vertex -7.93335 -7.93335 9.08149
      vertex 7.06853 -7.93335 11.2397
    endloop
  endfacet
  facet normal 0 1 -0
    outer loop
      vertex 7.06853 7.06853 5
      vertex -7.93335 7.06853 11.2397
      vertex 7.06853 7.06853 13.3979
    endloop
  endfacet
  facet normal 0 1 0
    outer loop
      vertex -7.93335 7.06853 11.2397
      vertex 7.06853 7.06853 5
      vertex -7.93335 7.06853 5
    endloop
  endfacet
  facet normal 1 -0 0
    outer loop
      vertex 7.06853 -7.93335 11.2397
      vertex 7.06853 7.06853 5
      vertex 7.06853 7.06853 13.3979
    endloop
  endfacet
  facet normal 1 0 0
    outer loop
      vertex 7.06853 7.06853 5
      vertex 7.06853 -7.93335 11.2397
      vertex 7.06853 -7.93335 5
    endloop
  endfacet
  facet normal -1 0 0
    outer loop
      vertex -7.93335 -7.93335 9.08149
      vertex -7.93335 7.06853 5
      vertex -7.93335 -7.93335 5
    endloop
  endfacet
  facet normal -1 0 0
    outer loop
      vertex -7.93335 7.06853 5
      vertex -7.93335 -7.93335 9.08149
      vertex -7.93335 7.06853 11.2397
    endloop
  endfacet
  facet normal -0.140974 -0.140975 0.979925
    outer loop
      vertex -7.93335 7.06853 11.2397
      vertex -7.93335 -7.93335 9.08149
      vertex 7.06853 7.06853 13.3979
    endloop
  endfacet
  facet normal 0 0 -1
    outer loop
      vertex -7.93335 -7.93335 5
      vertex 7.06853 7.06853 5
      vertex 7.06853 -7.93335 5
    endloop
  endfacet
  facet normal -0 0 -1
    outer loop
      vertex 7.06853 7.06853 5
      vertex -7.93335 -7.93335 5
      vertex -7.93335 7.06853 5
    endloop
  endfacet
  facet normal 0 -1 0
    outer loop
      vertex 7.06853 -7.93335 5
      vertex -7.93335 -7.93335 9.08149
      vertex -7.93335 -7.93335 5
    endloop
  endfacet
  facet normal 0 -1 0
    outer loop
      vertex -7.93335 -7.93335 9.08149
      vertex 7.06853 -7.93335 5
      vertex 7.06853 -7.93335 11.2397
    endloop
  endfacet
endsolid OpenSCAD_Model
