solid OpenSCAD_Model
  facet normal 0 1 -0
    outer loop
      vertex 5.704 5.704 8.37
      vertex -5.704 5.704 22.63
      vertex 5.704 5.704 22.63
    endloop
  endfacet
  facet normal 0 1 0
    outer loop
      vertex -5.704 5.704 22.63
      vertex 5.704 5.704 8.37
      vertex -5.704 5.704 8.37
    endloop
  endfacet
  facet normal -1 0 0
    outer loop
      vertex -5.704 -5.704 8.37
      vertex -5.704 5.704 22.63
      vertex -5.704 5.704 8.37
    endloop
  endfacet
  facet normal -1 -0 0
    outer loop
      vertex -5.704 5.704 22.63
      vertex -5.704 -5.704 8.37
      vertex -5.704 -5.704 22.63
    endloop
  endfacet
  facet normal 0 -1 0
    outer loop
      vertex -5.704 -5.704 8.37
      vertex 5.704 -5.704 22.63
      vertex -5.704 -5.704 22.63
    endloop
  endfacet
  facet normal 0 -1 -0
    outer loop
      vertex 5.704 -5.704 22.63
      vertex -5.704 -5.704 8.37
      vertex 5.704 -5.704 8.37
    endloop
  endfacet
  facet normal 1 -0 0
    outer loop
      vertex 5.704 -5.704 22.63
      vertex 5.704 5.704 8.37
      vertex 5.704 5.704 22.63
    endloop
  endfacet
  facet normal 1 0 0
    outer loop
      vertex 5.704 5.704 8.37
      vertex 5.704 -5.704 22.63
      vertex 5.704 -5.704 8.37
    endloop
  endfacet
  facet normal 0 0 -1
    outer loop
      vertex -3.05176e-05 -3.05176e-05 0
      vertex 3.05176e-05 3.05176e-05 0
      vertex 3.05176e-05 -3.05176e-05 0
    endloop
  endfacet
  facet normal -0 0 -1
    outer loop
      vertex 3.05176e-05 3.05176e-05 0
      vertex -3.05176e-05 -3.05176e-05 0
      vertex -3.05176e-05 3.05176e-05 0
    endloop
  endfacet
  facet normal 0 0.826358 -0.563145
    outer loop
      vertex 3.05176e-05 3.05176e-05 0
      vertex -5.704 5.704 8.37
      vertex 5.704 5.704 8.37
    endloop
  endfacet
  facet normal 0 0.826358 -0.563145
    outer loop
      vertex -5.704 5.704 8.37
      vertex 3.05176e-05 3.05176e-05 0
      vertex -3.05176e-05 3.05176e-05 0
    endloop
  endfacet
  facet normal 0 -0.826358 -0.563145
    outer loop
      vertex -3.05176e-05 -3.05176e-05 0
      vertex 5.704 -5.704 8.37
      vertex -5.704 -5.704 8.37
    endloop
  endfacet
  facet normal 0 -0.826358 -0.563145
    outer loop
      vertex 5.704 -5.704 8.37
      vertex -3.05176e-05 -3.05176e-05 0
      vertex 3.05176e-05 -3.05176e-05 0
    endloop
  endfacet
  facet normal 0.826358 0 -0.563145
    outer loop
      vertex 5.704 5.704 8.37
      vertex 3.05176e-05 -3.05176e-05 0
      vertex 3.05176e-05 3.05176e-05 0
    endloop
  endfacet
  facet normal 0.826358 0 -0.563145
    outer loop
      vertex 3.05176e-05 -3.05176e-05 0
      vertex 5.704 5.704 8.37
      vertex 5.704 -5.704 8.37
    endloop
  endfacet
  facet normal -0.826358 0 -0.563145
    outer loop
      vertex -3.05176e-05 -3.05176e-05 0
      vertex -5.704 5.704 8.37
      vertex -3.05176e-05 3.05176e-05 0
    endloop
  endfacet
  facet normal -0.826358 -0 -0.563145
    outer loop
      vertex -5.704 5.704 8.37
      vertex -3.05176e-05 -3.05176e-05 0
      vertex -5.704 -5.704 8.37
    endloop
  endfacet
  facet normal -0.826358 0 0.563145
    outer loop
      vertex -5.704 5.704 22.63
      vertex -3.05176e-05 -3.05176e-05 31
      vertex -3.05176e-05 3.05176e-05 31
    endloop
  endfacet
  facet normal -0.826358 0 0.563145
    outer loop
      vertex -3.05176e-05 -3.05176e-05 31
      vertex -5.704 5.704 22.63
      vertex -5.704 -5.704 22.63
    endloop
  endfacet
  facet normal 0 0.826358 0.563145
    outer loop
      vertex 5.704 5.704 22.63
      vertex -3.05176e-05 3.05176e-05 31
      vertex 3.05176e-05 3.05176e-05 31
    endloop
  endfacet
  facet normal 0 0.826358 0.563145
    outer loop
      vertex -3.05176e-05 3.05176e-05 31
      vertex 5.704 5.704 22.63
      vertex -5.704 5.704 22.63
    endloop
  endfacet
  facet normal -0 0 1
    outer loop
      vertex -3.05176e-05 3.05176e-05 31
      vertex 3.05176e-05 -3.05176e-05 31
      vertex 3.05176e-05 3.05176e-05 31
    endloop
  endfacet
  facet normal 0 0 1
    outer loop
      vertex 3.05176e-05 -3.05176e-05 31
      vertex -3.05176e-05 3.05176e-05 31
      vertex -3.05176e-05 -3.05176e-05 31
    endloop
  endfacet
  facet normal 0.826358 -0 0.563145
    outer loop
      vertex 3.05176e-05 -3.05176e-05 31
      vertex 5.704 5.704 22.63
      vertex 3.05176e-05 3.05176e-05 31
    endloop
  endfacet
  facet normal 0.826358 0 0.563145
    outer loop
      vertex 5.704 5.704 22.63
      vertex 3.05176e-05 -3.05176e-05 31
      vertex 5.704 -5.704 22.63
    endloop
  endfacet
  facet normal 0 -0.826358 0.563145
    outer loop
      vertex -5.704 -5.704 22.63
      vertex 3.05176e-05 -3.05176e-05 31
      vertex -3.05176e-05 -3.05176e-05 31
    endloop
  endfacet
  facet normal 0 -0.826358 0.563145
    outer loop
      vertex 3.05176e-05 -3.05176e-05 31
      vertex -5.704 -5.704 22.63
      vertex 5.704 -5.704 22.63
    endloop
  endfacet
endsolid OpenSCAD_Model
