solid OpenSCAD_Model
  facet normal 0 1 -0
    outer loop
      vertex 5.7316 5.7316 11.4105
      vertex -5.7316 5.7316 25.7395
      vertex 5.7316 5.7316 25.7395
    endloop
  endfacet
  facet normal 0 1 0
    outer loop
      vertex -5.7316 5.7316 25.7395
      vertex 5.7316 5.7316 11.4105
      vertex -5.7316 5.7316 11.4105
    endloop
  endfacet
  facet normal -1 0 0
    outer loop
      vertex -5.7316 -5.7316 11.4105
      vertex -5.7316 5.7316 25.7395
      vertex -5.7316 5.7316 11.4105
    endloop
  endfacet
  facet normal -1 -0 0
    outer loop
      vertex -5.7316 5.7316 25.7395
      vertex -5.7316 -5.7316 11.4105
      vertex -5.7316 -5.7316 25.7395
    endloop
  endfacet
  facet normal 0 -1 0
    outer loop
      vertex -5.7316 -5.7316 11.4105
      vertex 5.7316 -5.7316 25.7395
      vertex -5.7316 -5.7316 25.7395
    endloop
  endfacet
  facet normal 0 -1 -0
    outer loop
      vertex 5.7316 -5.7316 25.7395
      vertex -5.7316 -5.7316 11.4105
      vertex 5.7316 -5.7316 11.4105
    endloop
  endfacet
  facet normal 1 -0 0
    outer loop
      vertex 5.7316 -5.7316 25.7395
      vertex 5.7316 5.7316 11.4105
      vertex 5.7316 5.7316 25.7395
    endloop
  endfacet
  facet normal 1 0 0
    outer loop
      vertex 5.7316 5.7316 11.4105
      vertex 5.7316 -5.7316 25.7395
      vertex 5.7316 -5.7316 11.4105
    endloop
  endfacet
  facet normal 0 0 -1
    outer loop
      vertex -3.05176e-05 -3.05176e-05 3
      vertex 3.05176e-05 3.05176e-05 3
      vertex 3.05176e-05 -3.05176e-05 3
    endloop
  endfacet
  facet normal -0 0 -1
    outer loop
      vertex 3.05176e-05 3.05176e-05 3
      vertex -3.05176e-05 -3.05176e-05 3
      vertex -3.05176e-05 3.05176e-05 3
    endloop
  endfacet
  facet normal 0 0.826358 -0.563145
    outer loop
      vertex 3.05176e-05 3.05176e-05 3
      vertex -5.7316 5.7316 11.4105
      vertex 5.7316 5.7316 11.4105
    endloop
  endfacet
  facet normal 0 0.826358 -0.563145
    outer loop
      vertex -5.7316 5.7316 11.4105
      vertex 3.05176e-05 3.05176e-05 3
      vertex -3.05176e-05 3.05176e-05 3
    endloop
  endfacet
  facet normal 0 -0.826358 -0.563145
    outer loop
      vertex -3.05176e-05 -3.05176e-05 3
      vertex 5.7316 -5.7316 11.4105
      vertex -5.7316 -5.7316 11.4105
    endloop
  endfacet
  facet normal 0 -0.826358 -0.563145
    outer loop
      vertex 5.7316 -5.7316 11.4105
      vertex -3.05176e-05 -3.05176e-05 3
      vertex 3.05176e-05 -3.05176e-05 3
    endloop
  endfacet
  facet normal 0.826358 0 -0.563145
    outer loop
      vertex 5.7316 5.7316 11.4105
      vertex 3.05176e-05 -3.05176e-05 3
      vertex 3.05176e-05 3.05176e-05 3
    endloop
  endfacet
  facet normal 0.826358 0 -0.563145
    outer loop
      vertex 3.05176e-05 -3.05176e-05 3
      vertex 5.7316 5.7316 11.4105
      vertex 5.7316 -5.7316 11.4105
    endloop
  endfacet
  facet normal -0.826358 0 -0.563145
    outer loop
      vertex -3.05176e-05 -3.05176e-05 3
      vertex -5.7316 5.7316 11.4105
      vertex -3.05176e-05 3.05176e-05 3
    endloop
  endfacet
  facet normal -0.826358 -0 -0.563145
    outer loop
      vertex -5.7316 5.7316 11.4105
      vertex -3.05176e-05 -3.05176e-05 3
      vertex -5.7316 -5.7316 11.4105
    endloop
  endfacet
  facet normal -0.826358 0 0.563145
    outer loop
      vertex -5.7316 5.7316 25.7395
      vertex -3.05176e-05 -3.05176e-05 34.15
      vertex -3.05176e-05 3.05176e-05 34.15
    endloop
  endfacet
  facet normal -0.826358 0 0.563145
    outer loop
      vertex -3.05176e-05 -3.05176e-05 34.15
      vertex -5.7316 5.7316 25.7395
      vertex -5.7316 -5.7316 25.7395
    endloop
  endfacet
  facet normal 0 0.826358 0.563145
    outer loop
      vertex 5.7316 5.7316 25.7395
      vertex -3.05176e-05 3.05176e-05 34.15
      vertex 3.05176e-05 3.05176e-05 34.15
    endloop
  endfacet
  facet normal 0 0.826358 0.563145
    outer loop
      vertex -3.05176e-05 3.05176e-05 34.15
      vertex 5.7316 5.7316 25.7395
      vertex -5.7316 5.7316 25.7395
    endloop
  endfacet
  facet normal -0 0 1
    outer loop
      vertex -3.05176e-05 3.05176e-05 34.15
      vertex 3.05176e-05 -3.05176e-05 34.15
      vertex 3.05176e-05 3.05176e-05 34.15
    endloop
  endfacet
  facet normal 0 0 1
    outer loop
      vertex 3.05176e-05 -3.05176e-05 34.15
      vertex -3.05176e-05 3.05176e-05 34.15
      vertex -3.05176e-05 -3.05176e-05 34.15
    endloop
  endfacet
  facet normal 0.826358 -0 0.563145
    outer loop
      vertex 3.05176e-05 -3.05176e-05 34.15
      vertex 5.7316 5.7316 25.7395
      vertex 3.05176e-05 3.05176e-05 34.15
    endloop
  endfacet
  facet normal 0.826358 0 0.563145
    outer loop
      vertex 5.7316 5.7316 25.7395
      vertex 3.05176e-05 -3.05176e-05 34.15
      vertex 5.7316 -5.7316 25.7395
    endloop
  endfacet
  facet normal 0 -0.826358 0.563145
    outer loop
      vertex -5.7316 -5.7316 25.7395
      vertex 3.05176e-05 -3.05176e-05 34.15
      vertex -3.05176e-05 -3.05176e-05 34.15
    endloop
  endfacet
  facet normal 0 -0.826358 0.563145
    outer loop
      vertex 3.05176e-05 -3.05176e-05 34.15
      vertex -5.7316 -5.7316 25.7395
      vertex 5.7316 -5.7316 25.7395
    endloop
  endfacet
endsolid OpenSCAD_Model
